tweet_id,favorite_count,retweet_count
892420643555336193,38235,8376
892177421306343426,32781,6184
891815181378084864,24685,4092
891689557279858688,41565,8517
891327558926688256,39744,9222
891087950875897856,19949,3070
890971913173991426,11675,2035
890729181411237888,64531,18594
890609185150312448,27422,4207
890240255349198849,31468,7277
890006608113172480,30244,7224
889880896479866881,27401,4901
889665388333682689,47458,9910
889638837579907072,26793,4479
889531135344209921,14896,2209
889278841981685760,24907,5301
888917238123831296,28682,4431
888804989199671297,25213,4235
888554962724278272,19566,3499
888078434458587136,21459,3446
887705289381826560,29751,5311
887517139158093824,45648,11498
887473957103951883,68145,17921
887343217045368832,33216,10253
887101392804085760,30149,5880
886983233522544640,34688,7664
886736880519319552,11882,3234
886680336477933568,22133,4399
886366144734445568,20895,3153
886267009285017600,116,4
886258384151887873,27602,6191
886054160059072513,0,105
885984800019947520,32219,6700
885528943205470208,35492,6334
885518971528720385,20154,3708
885311592912609280,0,18311
885167619883638784,21628,4322
884925521741709313,76436,18051
884876753390489601,27541,5585
884562892145688576,23974,4684
884441805382717440,26629,5575
884247878851493888,72060,20178
884162670584377345,20087,2946
883838122936631299,21610,3401
883482846933004288,45309,9816
883360690899218434,22270,3628
883117836046086144,36694,6583
882992080364220416,23648,3867
882762694511734784,27939,4853
882627270321602560,27540,6003
882268110199369728,44371,11445
882045870035918850,28973,4906
881906580714921986,23992,3350
881666595344535552,49913,10527
881633300179243008,124,7
881536004380872706,48800,15740
881268444196462592,22781,5104
880935762899988482,16792,2748
880872448815771648,20996,3768
880465832366813184,28163,6200
880221127280381952,26719,4166
880095782870896641,27289,4305
879862464715927552,22034,3454
879674319642796034,308,10
879492040517615616,23120,3145
879415818425184262,104520,43676
879376492567855104,16563,3085
879130579576475649,0,6747
879050749262655488,22283,4667
879008229531029506,18745,2664
878776093423087618,19166,4081
878604707211726852,29893,7119
878404777348136964,0,1274
878316110768087041,0,6582
878281511006478336,7653,1274
878057613040115712,41514,6747
877736472329191424,78820,18879
877611172832227328,0,80
877556246731214848,22439,3770
877316821321428993,27037,5121
877201837425926144,26791,5525
876838120628539392,20431,3312
876537666061221889,23217,4579
876484053909872640,18539,2377
876120275196170240,27586,4652
875747767867523072,24892,4258
875144289856114688,21670,4883
875097192612077568,27098,5994
875021211251597312,25170,4680
874680097055178752,27518,4608
874434818259525634,0,14634
874296783580663808,25766,4082
874057562936811520,22404,3931
874012996292530176,34222,10349
873580283840344065,23964,3923
873337748698140672,0,1580
873213775632977920,7160,1580
872967104147763200,27108,5382
872820683541237760,14572,3680
872620804844003328,20594,3684
872486979161796608,40311,8972
872261713294495745,33904,6298
872122724285648897,34168,8100
871879754684805121,37672,11156
871762521631449091,20111,3470
871515927908634625,20067,3447
871166179821445120,0,5698
871102520638267392,20788,5500
871032628920680449,22514,3815
870804317367881728,33409,6208
870726314365509632,119,3
870656317836468226,12342,2650
870374049280663552,82267,26243
870308999962521604,21731,4161
870063196459192321,36496,8374
869772420881756160,42249,10062
869702957897576449,28140,6365
869596645499047938,15929,3141
869227993411051520,20370,3802
868880397819494401,65506,14573
868639477480148993,0,2109
868622495443632128,26830,5470
868552278524837888,10127,2109
867900495410671616,24175,4208
867774946302451713,34001,7399
867421006826221569,16120,2531
867072653475098625,0,122
867051520902168576,32264,7942
866720684873056260,20113,4864
866686824827068416,19367,3528
866450705531457537,122540,35676
866334964761202691,52749,14634
866094527597207552,0,8480
865718153858494464,25705,5684
865359393868664832,26585,5066
865006731092295680,28134,7791
864873206498414592,32446,8838
864279568663928832,14705,3087
864197398364647424,30326,9084
863907417377173506,20750,4212
863553081350529029,15396,4244
863471782782697472,0,2499
863432100342583297,23987,5354
863427515083354112,2279,99
863079547188785154,8829,1119
863062471531167744,8588,2499
862831371563274240,19322,5176
862722525377298433,17197,3593
862457590147678208,20713,5052
862096992088072192,75237,23766
861383897657036800,36410,10917
861288531465048066,17355,4242
861005113778896900,16885,3888
860981674716409858,0,2206
860924035999428608,0,842
860563773140209665,7583,2206
860524505164394496,23874,5397
860276583193509888,18507,3557
860184849394610176,16875,5970
860177593139703809,0,31617
859924526012018688,19785,4196
859851578198683649,15584,3598
859607811541651456,18825,1613
859196978902773760,91148,31016
859074603037188101,34341,13965
858860390427611136,0,8371
858843525470990336,15749,3569
858471635011153920,21797,4985
858107933456039936,15951,3003
857989990357356544,16356,2661
857746408056729600,34826,10968
857393404942143489,6004,1690
857263160327368704,20342,4660
857214891891077121,232,18
857062103051644929,0,177
857029823797047296,19262,4137
856602993587888130,0,11052
856543823941562368,16554,2978
856526610513747968,12054,1942
856330835276025856,0,702
856288084350160898,527,17
856282028240666624,28240,6543
855862651834028034,352,28
855860136149123072,5146,1068
855857698524602368,12082,2191
855851453814013952,46327,18343
855818117272018944,27140,5632
855459453768019968,30576,8531
855245323840757760,0,6215
855138241867124737,0,48
854732716440526848,23377,6362
854482394044301312,30039,7163
854365224396361728,19365,4888
854120357044912130,32770,7816
854010172552949760,16619,3296
853760880890318849,29357,6067
853639147608842240,35821,10610
853299958564483072,15955,3739
852936405516943360,0,2109
852912242202992640,9321,1928
852672615818899456,15363,2263
852553447878664193,16867,3694
852311364735569921,34138,10387
852226086759018497,20623,7148
852189679701164033,11825,1666
851953902622658560,0,10151
851861385021730816,0,23
851591660324737024,16734,3656
851464819735769094,25089,7455
851224888060895234,21373,6034
850753642995093505,32100,9799
850380195714523136,13516,2764
850333567704068097,3551,352
850145622816686080,16910,4048
850019790995546112,21198,5177
849776966551130114,31592,8038
849668094696017920,0,5249
849412302885593088,16462,3326
849336543269576704,11846,1997
849051919805034497,44103,9031
848690551926992896,26182,4578
848324959059550208,25712,4884
848213670039564288,8484,794
848212111729840128,16963,3262
847978865427394560,0,3460
847971574464610304,0,457
847962785489326080,24453,5415
847842811428974592,5702,1428
847617282490613760,7293,451
847606175596138505,19543,3608
847251039262605312,21289,4567
847157206088847362,20795,6225
847116187444137987,22312,3395
846874817362120707,20942,4180
846514051647705089,46567,12358
846505985330044928,14743,3295
846153765933735936,33078,9659
846139713627017216,32198,10512
846042936437604353,16675,3083
845812042753855489,30597,9330
845677943972139009,26217,5100
845397057150107648,7969,1935
845306882940190720,24355,5754
845098359547420673,0,8180
844979544864018432,14253,2756
844973813909606400,15802,3437
844704788403113984,40483,11052
844580511645339650,17229,3363
844223788422217728,14259,2347
843981021012017153,15819,3123
843856843873095681,22401,4949
843604394117681152,17682,2947
843235543001513987,22488,6479
842846295480000512,15929,3849
842765311967449089,7072,1363
842535590457499648,18962,3751
842163532590374912,25651,6215
842115215311396866,14684,3247
841833993020538882,0,16450
841680585030541313,26879,8311
841439858740625411,13249,3934
841320156043304961,20717,5824
841314665196081154,16602,5032
841077006473256960,24022,5698
840761248237133825,0,1885
840728873075638272,0,17401
840698636975636481,189,2
840696689258311684,12912,1053
840632337062862849,9417,1885
840370681858686976,17289,4895
840268004936019968,20256,6162
839990271299457024,14123,2471
839549326359670784,28939,8371
839290600511926273,0,154
839239871831150596,28607,7034
838952994649550848,20630,4275
838921590096166913,11753,2234
838916489579200512,0,36
838831947270979586,0,11911
838561493054533637,11487,1426
838476387338051585,23783,5195
838201503651401729,0,10885
838150277551247360,1769,354
838085839343206401,149,0
838083903487373313,18570,3397
837820167694528512,36016,8480
837482249356513284,4039,476
837471256429613056,13478,2476
837366284874571778,22265,5713
837110210464448512,16885,2589
836989968035819520,13411,2477
836753516572119041,20269,4981
836677758902222849,13290,2397
836648853927522308,0,592
836397794269200385,0,29827
836380477523124226,15514,3194
836260088725786625,22419,4632
836001077879255040,20161,4635
835685285446955009,0,8824
835574547218894849,18777,3915
835536468978302976,0,1842
835309094223372289,0,22730
835297930240217089,17313,3235
835264098648616962,8175,1842
835246439529840640,2204,78
835172783151792128,27594,6215
835152434251116546,23701,3261
834931633769889797,11445,1789
834786237630337024,22330,5924
834574053763584002,14466,2744
834477809192075265,0,11556
834458053273591808,10168,1813
834209720923721728,21774,5185
834167344700198914,16648,3934
834089966724603904,10613,2302
834086379323871233,13804,2404
833863086058651648,14168,2605
833826103416520705,16212,3728
833732339549220864,0,234
833722901757046785,21865,3478
833479644947025920,15706,2243
833124694597443584,21344,5249
832998151111966721,14060,2404
832769181346996225,0,40
832757312314028032,17791,3935
832682457690300417,12557,3187
832645525019123713,3088,563
832636094638288896,16779,3036
832397543355072512,12642,2414
832369877331693569,18144,3460
832273440279240704,11964,2529
832215909146226688,0,6718
832215726631055365,0,10180
832088576586297345,70,2
832040443403784192,0,10558
832032802820481025,18864,5049
831939777352105988,25401,6665
831926988323639298,361,35
831911600680497154,29270,7076
831670449226514432,11061,1971
831650051525054464,7603,2109
831552930092285952,9536,2489
831322785565769729,9733,1662
831315979191906304,6904,1213
831309418084069378,12419,2653
831262627380748289,12614,2230
830956169170665475,8448,1626
830583320585068544,70922,18311
830173239259324417,0,6205
830097400375152640,10413,3272
829878982036299777,0,5457
829861396166877184,12962,2130
829501995190984704,33686,11556
829449946868879360,11098,2205
829374341691346946,36722,10151
829141528400556032,26005,8073
829011960981237760,56224,17654
828801551087042563,0,3703
828770345708580865,27137,6401
828708714936930305,38865,12238
828650029636317184,10091,1469
828409743546925057,6676,1253
828408677031882754,8119,1400
828381636999917570,13406,2423
828376505180889089,7843,1158
828372645993398273,13300,3204
828361771580813312,2329,184
828046555563323392,12493,3120
828011680017821696,11010,2341
827933404142436356,21396,5698
827653905312006145,16387,3280
827600520311402496,7867,1034
827324948884643840,16876,3344
827199976799354881,11244,2449
826958653328592898,22925,5457
826848821049180160,38784,11156
826615380357632002,0,4309
826598799820865537,5437,277
826598365270007810,10713,2561
826476773533745153,19591,4580
826240494070030336,14114,2822
826204788643753985,5187,1018
826115272272650244,16680,3425
825876512159186944,11129,2042
825829644528148480,13555,2717
825535076884762624,55394,18782
825147591692263424,19481,4999
825120256414846976,0,1403
825026590719483904,6755,1403
824796380199809024,0,6004
824775126675836928,15930,3854
824663926340194305,10723,1897
824325613288833024,12540,11352
824297048279236611,16026,4229
824025158776213504,5085,646
823939628516474880,11351,2966
823719002937630720,0,12288
823699002998870016,13405,2648
823581115634085888,13898,2894
823333489516937216,743,29
823322678127919110,16765,4396
823269594223824897,0,10788
822975315408461824,18433,3766
822872901745569793,141102,48017
822859134160621569,14090,2496
822647212903690241,0,7039
822610361945911296,15745,3242
822489057087389700,19356,7039
822462944365645825,30396,16067
822244816520155136,37377,10788
822163064745328640,0,5266
821886076407029760,12126,2567
821813639212650496,0,3659
821765923262631936,8998,1824
821522889702862852,8565,1937
821421320206483457,0,6137
821407182352777218,12575,4771
821153421864615936,271,10
821149554670182400,9316,2207
821107785811234820,10244,2334
821044531881721856,13529,2511
820837357901512704,0,7341
820749716845686786,33698,10885
820690176645140481,13035,3542
820494788566847489,0,623
820446719150292993,0,2836
820314633777061888,3564,623
820078625395449857,21187,6892
820013781606658049,0,1302
819952236453363712,5685,1302
819924195358416896,13748,5313
819711362133872643,14389,3446
819588359383371776,10223,2159
819347104292290561,7725,1325
819238181065359361,2442,444
819227688460238848,24683,7341
819015337530290176,0,40266
819015331746349057,0,20755
819006400881917954,48266,20755
819004803107983360,92375,40266
818646164899774465,0,22918
818627210458333184,23741,8178
818614493328580609,10553,2839
818588835076603904,0,6745
818536468981415936,11673,2724
818307523543449600,0,8931
818259473185828864,11801,2518
818145370475810820,13153,2857
817908911860748288,5185,866
817827839487737858,55501,29827
817777686764523521,11457,2938
817536400337801217,12630,3337
817502432452313088,0,3723
817423860136083457,36656,16450
817415592588222464,6017,1060
817181837579653120,0,9352
817171292965273600,9339,2211
817120970343411712,13028,2883
817056546584727552,9184,1818
816829038950027264,0,5189
816816676327063552,10706,2239
816697700272001025,10506,2433
816450570814898180,32759,8931
816336735214911488,9212,2151
816091915477250048,9568,2370
816062466425819140,0,1146
816014286006976512,0,5846
815990720817401858,5360,1146
815966073409433600,24044,9352
815745968457060357,0,4553
815736392542261248,10545,2503
815639385530101762,8814,1812
815390420867969024,11099,4192
814986499976527872,8182,1424
814638523311648768,12096,2981
814578408554463233,0,6395
814530161257443328,9294,2041
814153002265309185,30840,9574
813944609378369540,0,3525
813910438903693312,9974,2073
813812741911748608,38971,15430
813800681631023104,8962,1936
813217897535406080,20053,8039
813202720496779264,9858,1979
813187593374461952,21286,4810
813172488309972993,10020,2109
813157409116065792,8325,2445
813142292504645637,9037,2598
813130366689148928,4793,488
813127251579564032,12732,3448
813112105746448384,11094,3037
813096984823349248,11295,3974
813081950185472002,10603,3051
813066809284972545,8550,2146
813051746834595840,22507,8082
812781120811126785,8138,2105
812747805718642688,0,7645
812709060537683968,7121,1572
812503143955202048,6529,1350
812466873996607488,8589,2121
812372279581671427,14717,4039
811985624773361665,7798,1547
811744202451197953,8113,1778
811647686436880384,5996,820
811627233043480576,13754,3455
811386762094317568,22457,7053
810984652412424192,5728,1581
810896069567610880,9725,1973
810657578271330305,11781,2917
810284430598270976,38097,12593
810254108431155201,15786,3703
809920764300447744,16644,4309
809808892968534016,0,5411
809448704142938112,7448,1620
809220051211603969,21434,6205
809084759137812480,14206,3866
808838249661788160,10854,3358
808733504066486276,8505,2391
808501579447930884,12133,2873
808344865868283904,45707,22918
808134635716833280,0,6573
808106460588765185,9370,2423
808001312164028416,13524,3902
807621403335917568,15663,4067
807106840509214720,127708,61358
807059379405148160,0,8095
807010152071229440,14013,4224
806629075125202948,80810,38498
806620845233815552,0,6099
806576416489959424,5209,2121
806542213899489280,10986,2615
806242860592926720,0,12917
806219024703037440,6908,1319
805958939288408065,0,5941
805932879469572096,8887,2111
805826884734976000,7086,2022
805823200554876929,0,8889
805520635690676224,6169,1820
805487436403003392,9429,2799
805207613751304193,8391,1885
804738756058218496,14785,4255
804475857670639616,6614,2220
804413760345620481,0,3560
804026241225523202,48023,17924
803773340896923648,10815,3059
803692223237865472,0,8204
803638050916102144,11821,4573
803380650405482500,8344,2054
803321560782307329,0,5878
803276597545603072,10788,2732
802952499103731712,9721,2220
802624713319034886,0,3238
802600418706604034,7663,1626
802572683846291456,9621,2766
802323869084381190,17495,6456
802265048156610565,7110,1507
802239329049477120,9783,2878
802185808107208704,0,294
801958328846974976,8316,1886
801854953262350336,1893,259
801538201127157760,8831,2275
801285448605831168,6526,919
801167903437357056,26386,6573
801127390143516673,0,4392
801115127852503040,8712,2313
800859414831898624,743,107
800855607700029440,0,1804
800751577355128832,11302,3069
800513324630806528,14140,3327
800459316964663297,10191,2393
800443802682937345,0,4772
800388270626521089,12015,3102
800188575492947969,0,4356
800141422401830912,16486,2836
800018252395122689,30575,14572
799774291445383169,0,5183
799757965289017345,9059,2393
799422933579902976,8664,2118
799308762079035393,0,6123
799297110730567681,10683,3066
799063482566066176,8730,2726
798933969379225600,14187,4956
798925684722855936,8006,1590
798705661114773508,0,7305
798701998996647937,0,8635
798697898615730177,0,7198
798694562394996736,0,5486
798686750113755136,0,2574
798682547630837760,0,5225
798673117451325440,0,6135
798665375516884993,0,4302
798644042770751489,0,2047
798628517273620480,0,2174
798585098161549313,0,6308
798576900688019456,0,6488
798340744599797760,0,3719
798209839306514432,11188,2831
797971864723324932,12558,3472
797545162159308800,15624,5373
797236660651966464,21558,7338
797165961484890113,248,29
796904159865868288,0,9834
796865951799083009,8277,2106
796759840936919040,12793,3381
796563435802726400,0,8075
796484825502875648,8165,1949
796387464403357696,11859,4610
796177847564038144,0,15832
796149749086875649,34879,15832
796125600683540480,5320,1973
796116448414461957,9798,2680
796080075804475393,9117,2569
796031486298386433,11641,4078
795464331001561088,53703,26356
795400264262053889,10892,3170
795076730285391872,17498,6004
794983741416415232,0,3729
794926597468000259,11081,2557
794355576146903043,0,11372
794332329137291264,10314,2929
794205286408003585,9905,3658
793962221541933056,18141,5411
793845145112371200,9912,2077
793614319594401792,0,3448
793601777308463104,8594,1812
793500921481273345,11523,2635
793286476301799424,26544,10180
793271401113350145,9317,2619
793256262322548741,21536,9225
793241302385262592,11342,3626
793226087023144960,10610,3166
793210959003287553,9628,3114
793195938047070209,16453,6222
793180763617361921,7453,2201
793165685325201412,10132,3081
793150605191548928,6644,1888
793135492858580992,6967,2764
793120401413079041,13686,4328
792913359805018113,15450,4441
792883833364439040,12204,4728
792773781206999040,7915,1860
792394556390137856,14514,4742
792050063153438720,7737,1987
791821351946420224,0,23247
791784077045166082,0,10658
791780927877898241,0,4203
791774931465953280,48648,24536
791672322847637504,12666,3448
791406955684368384,14149,4553
791312159183634433,9462,2813
791026214425268224,0,4554
790987426131050500,10664,2363
790946055508652032,17897,5189
790723298204217344,0,2561
790698755171364864,8830,2105
790581949425475584,22276,7936
790337589677002753,8431,2063
790277117346975746,13510,3525
790227638568808452,0,3949
789986466051088384,9964,2561
789960241177853952,0,4584
789903600034189313,11205,4561
789628658055020548,8100,1970
789599242079838210,7294,2141
789530877013393408,12675,3729
789314372632018944,9264,2548
789280767834746880,0,5468
789268448748703744,9813,2848
789137962068021249,10450,3089
788908386943430656,29501,13682
788765914992902144,29540,11372
788552643979468800,0,7952
788412144018661376,16798,5857
788178268662984705,7793,2338
788150585577050112,6631,1439
788070120937619456,0,3777
788039637453406209,6616,1463
787810552592695296,9349,3368
787717603741622272,10997,3076
787397959788929025,11672,3130
787322443945877504,8391,1923
787111942498508800,0,7403
786963064373534720,28608,8824
786729988674449408,0,2664
786709082849828864,19563,6718
786664955043049472,11484,2831
786595970293370880,10120,3417
786363235746385920,11738,3871
786286427768250368,8582,3157
786233965241827333,16474,5266
786051337297522688,1550,169
786036967502913536,0,7793
785927819176054784,12222,3486
785872687017132033,7186,2017
785639753186217984,8401,2450
785533386513321988,9799,2214
785515384317313025,6548,1386
785264754247995392,7805,1804
785170936622350336,13018,5359
784826020293709826,10896,3560
784517518371221505,9652,2793
784431430411685888,6125,1414
784183165795655680,21618,8889
784057939640352768,32138,12288
783839966405230592,32286,11911
783821107061198850,7915,2163
783695101801398276,11229,3550
783466772167098368,9076,2481
783391753726550016,18127,6070
783347506784731136,0,6168
783334639985389568,31403,12917
783085703974514689,8746,2445
782969140009107456,25900,8095
782747134529531904,8024,1537
782722598790725632,18540,5941
782598640137187329,8350,2061
782305867769217024,17902,6137
782021823840026624,0,6867
781955203444699136,11933,3698
781661882474196992,11218,2980
781655249211752448,4296,1236
781524693396357120,22277,6099
781308096455073793,7651,2796
781251288990355457,9062,2311
781163403222056960,10479,3002
780931614150983680,23216,8075
780858289093574656,7724,2193
780800785462489090,5918,1428
780601303617732608,12966,3659
780543529827336192,6761,1907
780496263422808064,0,4080
780476555013349377,0,128
780459368902959104,5675,1175
780192070812196864,9343,2459
780092040432480260,0,2526
780074436359819264,13144,5496
779834332596887552,20379,7793
779377524342161408,9460,3419
779124354206535695,0,20240
779123168116150273,12662,3997
779056095788752897,15874,4966
778990705243029504,21499,7992
778774459159379968,0,10946
778764940568104960,920,403
778748913645780993,7404,1466
778650543019483137,6193,1639
778624900596654080,4995,1114
778408200802557953,14630,4777
778396591732486144,0,13451
778383385161035776,6252,1211
778286810187399168,11147,3633
778039087836069888,9091,2890
778027034220126208,7028,1780
777953400541634568,0,3868
777885040357281792,6814,1808
777684233540206592,12039,3238
777641927919427584,0,4665
777621514455814149,9402,2735
777189768882946048,15337,4754
776819012571455488,0,15092
776813020089548800,5226,1327
776477788987613185,9481,3077
776249906839351296,0,10048
776218204058357768,32140,17521
776201521193218049,10275,2766
776113305656188928,12586,4772
776088319444877312,1967,166
775898661951791106,0,18017
775842724423557120,12548,2939
775733305207554048,14818,4392
775729183532220416,13834,5010
775364825476165632,7961,3261
775350846108426240,10863,4284
775085132600442880,16641,5183
774757898236878852,9136,1939
774639387460112384,7191,1904
774314403806253056,23289,6123
773985732834758656,11500,4253
773922284943896577,6841,1897
773704687002451968,7068,1794
773670353721753600,5688,1419
773547596996571136,23607,6745
773336787167145985,0,5574
773308824254029826,24848,8180
773247561583001600,10076,3513
773191612633579521,10683,4500
772877495989305348,9173,4236
772826264096874500,8530,2545
772615324260794368,0,3692
772581559778025472,6923,1846
772193107915964416,6417,1512
772152991789019136,4042,1227
772117678702071809,4009,804
772114945936949249,2898,516
772102971039580160,4287,1011
771908950375665664,7033,2076
771770456517009408,12827,3719
771500966810099713,8845,2870
771380798096281600,11247,5574
771171053431250945,0,8275
771136648247640064,9823,3201
771102124360998913,6657,1567
771014301343748096,7344,1808
771004394259247104,0,240
770787852854652928,5303,1335
770772759874076672,5554,1544
770655142660169732,7821,1899
770414278348247044,6720,2252
770293558247038976,6663,1627
770093767776997377,0,3318
770069151037685760,8100,2517
769940425801170949,33606,10558
769695466921623552,6819,1813
769335591808995329,0,8396
769212283578875904,5760,1871
768970937022709760,15392,7143
768909767477751808,0,2951
768855141948723200,4481,970
768609597686943744,4394,1326
768596291618299904,5361,1392
768554158521745409,0,6358
768473857036525572,14550,3740
768193404517830656,11642,3868
767884188863397888,5070,1534
767754930266464257,17122,5878
767500508068192258,7996,2546
767191397493538821,13102,4157
767122157629476866,10802,3112
766864461642756096,0,6176
766793450729734144,5422,1481
766714921925144576,2783,422
766693177336135680,4310,862
766423258543644672,6430,1741
766313316352462849,7241,2052
766078092750233600,0,2833
766069199026450432,4576,943
766008592277377025,3995,537
765719909049503744,7728,2349
765669560888528897,5545,1329
765395769549590528,28149,3700
765371061932261376,7571,2351
765222098633691136,12391,3692
764857477905154048,6851,1930
764259802650378240,6457,1657
763956972077010945,788,59
763837565564780549,13465,4554
763183847194451968,5759,1607
763167063695355904,0,3291
763103485927849985,7845,2485
762699858130116608,12974,3949
762471784394268675,12026,7058
762464539388485633,11016,4584
762316489655476224,5134,1229
762035686371364864,34119,16988
761976711479193600,5757,2199
761750502866649088,0,4297
761745352076779520,4532,937
761672994376806400,52776,31617
761599872357261312,4398,1281
761371037149827077,0,19539
761334018830917632,5548,1581
761292947749015552,4758,1198
761227390836215808,5666,1695
761004547850530816,12040,3777
760893934457552897,4074,1059
760656994973933572,7042,2097
760641137271070720,5273,1405
760539183865880579,8065,3945
760521673607086080,4502,1520
760290219849637889,28546,12495
760252756032651264,4194,942
760190180481531904,6078,1971
760153949710192640,0,34
759943073749200896,6321,2276
759923798737051648,15629,6176
759846353224826880,7161,2155
759793422261743616,6344,2068
759566828574212096,0,22986
759557299618865152,5005,1272
759447681597108224,9033,2664
759446261539934208,1778,530
759197388317847553,6450,2115
759159934323924993,0,1270
759099523532779520,15483,4539
759047813560868866,6936,2191
758854675097526272,3776,970
758828659922702336,11892,4167
758740312047005698,6092,1745
758474966123810816,4068,1078
758467244762497024,5108,2423
758405701903519748,5529,2097
758355060040593408,3659,1181
758099635764359168,20429,10946
758041019896193024,2878,407
757741869644341248,7326,3539
757729163776290825,0,8806
757725642876129280,4831,1323
757611664640446465,4846,1213
757597904299253760,0,317
757596066325864448,4617,1150
757400162377592832,16108,7424
757393109802180609,6207,1899
757354760399941633,4802,1547
756998049151549440,6663,2158
756939218950160384,7073,2181
756651752796094464,5395,1428
756526248105566208,11062,3927
756303284449767430,4200,1179
756288534030475264,45476,18995
756275833623502848,6844,1653
755955933503782912,7809,3141
755206590534418437,17486,5842
755110668769038337,22571,12027
754874841593970688,0,8706
754856583969079297,7313,2746
754747087846248448,2740,568
754482103782404096,5646,2117
754449512966619136,3977,797
754120377874386944,8322,2539
753655901052166144,6215,2363
753420520834629632,8415,3870
753398408988139520,6151,2082
753375668877008896,8113,2526
753298634498793472,0,6260
753294487569522689,3614,1127
753039830821511168,39419,22730
753026973505581056,4135,1057
752932432744185856,13398,7403
752917284578922496,7318,1709
752701944171524096,0,3134
752682090207055872,6362,1743
752660715232722944,4685,1714
752568224206688256,5880,2479
752519690950500352,7835,3739
752334515931054080,4055,1192
752309394570878976,0,18104
752173152931807232,6318,2005
751950017322246144,3268,1011
751937170840121344,5537,1460
751830394383790080,6152,2123
751793661361422336,6218,3161
751598357617971201,8384,3299
751583847268179968,4682,1211
751538714308972544,5345,1378
751456908746354688,3393,1081
751251247299190784,13262,6364
751205363882532864,6694,1981
751132876104687617,5392,1413
750868782890057730,5072,1506
750719632563142656,14009,5468
750506206503038976,4709,1246
750429297815552001,13978,4665
750383411068534784,4821,1229
750381685133418496,732,32
750147208377409536,3281,1048
750132105863102464,3852,1376
750117059602808832,4594,1408
750101899009982464,3228,911
750086836815486976,2304,591
750071704093859840,8346,3617
750056684286914561,3327,971
750041628174217216,3367,672
750026558547456000,2880,856
750011400160841729,3441,985
749996283729883136,3217,875
749981277374128128,5422,2653
749774190421639168,4924,1417
749417653287129088,6463,1806
749403093750648834,2789,591
749395845976588288,9122,3752
749317047558017024,5810,2400
749075273010798592,6111,2237
749064354620928000,5073,1631
749036806121881602,3283,843
748977405889503236,11345,3676
748932637671223296,6193,2447
748705597323898880,2927,1025
748699167502000129,5016,1728
748692773788876800,4491,1439
748575535303884801,6425,2155
748568946752774144,2307,727
748346686624440324,5536,1340
748337862848962560,8146,4459
748324050481647620,3920,828
748307329658011649,3879,772
748220828303695873,14955,8409
747963614829678593,6119,2319
747933425676525569,7010,2759
747885874273214464,3123,1063
747844099428986880,2968,811
747816857231626240,5134,1254
747651430853525504,1458,170
747648653817413632,13633,6312
747600769478692864,2452,592
747594051852075008,3907,1135
747512671126323200,5872,1711
747461612269887489,4090,1115
747439450712596480,5735,2075
747242308580548608,0,3107
747219827526344708,5576,1707
747204161125646336,3573,993
747103485104099331,10121,4307
746906459439529985,3052,318
746872823977771008,6337,2316
746818907684614144,5600,1858
746790600704425984,5158,1712
746757706116112384,10108,4203
746726898085036033,6384,1930
746542875601690625,5322,2010
746521445350707200,0,1058
746507379341139972,4894,1166
746369468511756288,6517,1772
746131877086527488,7298,2372
746056683365994496,3752,878
745789745784041472,4259,1148
745712589599014916,7384,2501
745433870967832576,7496,2734
745422732645535745,9052,2617
745314880350101504,7571,2986
745074613265149952,8275,3800
745057283344719872,7638,2450
744995568523612160,3143,671
744971049620602880,8328,2899
744709971296780288,5908,1675
744334592493166593,7145,2302
744234799360020481,165021,84189
744223424764059648,1788,401
743980027717509120,4386,1169
743895849529389061,3841,1029
743835915802583040,0,2249
743609206067040256,4729,1483
743595368194129920,19499,7065
743545585370791937,3715,1005
743510151680958465,8334,3969
743253157753532416,4469,1307
743222593470234624,6545,2050
743210557239623680,4048,1464
742534281772302336,7428,3820
742528092657332225,4677,2142
742465774154047488,7663,4178
742423170473463808,10377,4080
742385895052087300,7168,2140
742161199639494656,4573,1473
742150209887731712,5419,1673
741793263812808706,4807,1623
741743634094141440,8624,2972
741438259667034112,3870,896
741303864243200000,9249,3479
741099773336379392,10592,5959
741067306818797568,9959,3318
740995100998766593,6741,2973
740711788199743490,3589,1002
740699697422163968,2983,842
740676976021798912,19132,7305
740373189193256964,36647,14288
740365076218183684,2609,469
740359016048689152,3476,917
740214038584557568,7052,2110
739979191639244800,21031,6358
739932936087216128,4273,1157
739844404073074688,3991,916
739623569819336705,4011,1456
739606147276148736,5675,1778
739544079319588864,41810,22986
739485634323156992,7578,3161
739238157791694849,122011,62357
738891149612572673,113,6
738885046782832640,3968,1223
738883359779196928,3520,871
738537504001953792,5366,1673
738402415918125056,3436,908
738184450748633089,4537,1297
738166403467907072,9273,3656
738156290900254721,2674,704
737826014890496000,5547,1890
737800304142471168,10511,3715
737678689543020544,5310,1431
737445876994609152,10845,4790
737322739594330112,3803,870
737310737551491075,15456,7948
736736130620620800,4547,1863
736392552031657984,18694,7952
736365877722001409,4198,1345
736225175608430592,8557,2970
736010884653420544,8319,3192
735991953473572864,3787,1231
735648611367784448,4224,1177
735635087207878657,6506,2524
735274964362878976,13677,5443
735256018284875776,3513,950
735137028879360001,3296,1038
734912297295085568,2880,552
734787690684657664,13202,6758
734776360183431168,2640,583
734559631394082816,1572,423
733828123016450049,3787,831
733822306246479872,3860,1080
733482008106668032,3312,1017
733460102733135873,4429,1370
733109485275860992,51714,18017
732732193018155009,2573,575
732726085725589504,3711,949
732585889486888962,3873,823
732375214819057664,8510,2702
732005617171337216,15718,5846
731285275100512256,3665,1053
731156023742988288,4033,1359
730924654643314689,6442,2119
730573383004487680,5168,2308
730427201120833536,3645,1113
730211855403241472,4021,1132
730196704625098752,5136,2050
729854734790754305,4239,1204
729838605770891264,1795,410
729823566028484608,4190,1327
729463711119904772,6109,2467
729113531270991872,1983,350
728986383096946689,3323,879
728760639972315136,4907,1821
728751179681943552,2920,725
728653952833728512,3480,1112
728409960103686147,5162,2147
728387165835677696,3852,1023
728046963732717569,4528,1258
728035342121635841,4775,1786
728015554473250816,4307,1168
727685679342333952,3088,683
727644517743104000,6193,1867
727524757080539137,4694,1307
727314416056803329,3489,803
727286334147182592,3200,871
727175381690781696,4067,1469
727155742655025152,3819,1413
726935089318363137,7231,2621
726887082820554753,4027,1609
726828223124897792,3729,1078
726224900189511680,4635,1231
725842289046749185,7407,2833
725786712245440512,4369,1451
725729321944506368,5445,1901
725458796924002305,1476,665
724983749226668032,3889,1390
724771698126512129,2487,688
724405726123311104,5567,1760
724049859469295616,4536,1889
724046343203856385,2796,595
724004602748780546,4392,1683
723912936180330496,4084,1307
723688335806480385,8093,3190
723673163800948736,3173,952
723179728551723008,5560,2006
722974582966214656,4318,1681
722613351520608256,5201,1745
721503162398597120,4887,2000
721001180231503872,2654,656
720785406564900865,3267,825
720775346191278080,2600,724
720415127506415616,4329,1593
720389942216527872,6722,2687
720340705894408192,3010,1039
720059472081784833,4077,1205
720043174954147842,5137,2145
719991154352222208,5066,1863
719704490224398336,4792,1551
719551379208073216,5304,2060
719367763014393856,2931,788
719339463458033665,4635,1336
719332531645071360,3583,1020
718971898235854848,3661,1171
718939241951195136,5494,1879
718631497683582976,19818,8635
718613305783398402,2563,514
718540630683709445,2611,1079
718460005985447936,2831,564
718454725339934721,5100,1607
718246886998687744,2028,534
718234618122661888,4067,1071
717841801130979328,2569,633
717790033953034240,3032,1206
717537687239008257,6034,1970
717428917016076293,1685,486
717421804990701568,3305,901
717047459982213120,6571,2036
717009362452090881,3434,1041
716802964044845056,4484,1256
716791146589110272,6263,1531
716730379797970944,1291,455
716447146686459905,13749,6295
716439118184652801,2480,229
716285507865542656,2914,1160
716080869887381504,5973,1938
715928423106027520,3346,933
715758151270801409,3922,1516
715733265223708672,4903,1805
715704790270025728,2936,605
715696743237730304,4099,1377
715680795826982913,4542,1731
715360349751484417,5741,1682
715342466308784130,3175,729
715220193576927233,2531,698
715200624753819648,5376,2015
715009755312439296,4372,1323
714982300363173890,3941,1108
714962719905021952,7713,4561
714957620017307648,4345,1515
714631576617938945,3430,1071
714606013974974464,3804,990
714485234495041536,2843,1238
714258258790387713,3157,764
714251586676113411,3433,900
714214115368108032,2381,939
714141408463036416,4521,1499
713919462244790272,3439,829
713909862279876608,2011,580
713900603437621249,2973,794
713761197720473600,5123,1475
713411074226274305,4630,1381
713177543487135744,7557,3022
713175907180089344,4688,1558
712809025985978368,19529,7198
712717840512598017,12969,5351
712668654853337088,4366,1300
712438159032893441,5590,1673
712309440758808576,257,25
712097430750289920,3991,1106
712092745624633345,3090,961
712085617388212225,3408,518
712065007010385924,2379,667
711998809858043904,0,134
711968124745228288,8465,2467
711743778164514816,2989,1054
711732680602345472,9341,4401
711694788429553666,34459,19539
711652651650457602,4059,980
711363825979756544,3841,1210
711306686208872448,3479,782
711008018775851008,3146,663
710997087345876993,4781,1491
710844581445812225,2675,738
710833117892898816,2822,576
710658690886586372,2425,605
710609963652087808,5037,2512
710588934686908417,4785,2004
710296729921429505,2486,787
710283270106132480,2241,551
710272297844797440,4750,1347
710269109699739648,2523,1207
710153181850935296,3053,959
710140971284037632,2906,958
710117014656950272,5778,2125
709918798883774466,3134,1141
709901256215666688,709,105
709852847387627521,3680,1277
709566166965075968,3723,1291
709556954897764353,3452,1138
709519240576036864,1563,256
709449600415961088,2339,630
709409458133323776,2750,740
709225125749587968,2524,610
709207347839836162,13245,6250
709198395643068416,2538,685
709179584944730112,2118,722
709158332880297985,2145,450
709042156699303936,4997,1757
708853462201716736,1889,703
708845821941387268,3126,957
708834316713893888,1782,540
708810915978854401,17331,7444
708738143638450176,2882,873
708711088997666817,2683,778
708479650088034305,2679,722
708469915515297792,3245,879
708400866336894977,16827,10835
708356463048204288,3802,1433
708349470027751425,2471,790
708149363256774660,4492,1649
708130923141795840,3558,892
708119489313951744,2822,1048
708109389455101952,2028,579
708026248782585858,4591,2048
707995814724026368,3285,1204
707983188426153984,51,2
707969809498152960,2835,1038
707776935007539200,3449,1013
707741517457260545,2624,653
707738799544082433,4302,2644
707693576495472641,3618,1074
707629649552134146,2716,941
707610948723478529,17843,6867
707420581654872064,2395,740
707411934438625280,2399,642
707387676719185920,3687,1395
707377100785885184,3454,1156
707315916783140866,2601,686
707297311098011648,2906,852
707059547140169728,2709,727
707038192327901184,2312,852
707021089608753152,4279,1467
707014260413456384,2426,642
706904523814649856,15344,8396
706901761596989440,2179,642
706681918348251136,3496,1037
706644897839910912,2715,1173
706593038911545345,2275,670
706538006853918722,3641,1513
706516534877929472,3258,1109
706346369204748288,3626,987
706310011488698368,22552,8554
706291001778950144,1791,500
706265994973601792,2872,983
706169069255446529,4102,2383
706166467411222528,5423,1724
706153300320784384,1571,414
705975130514706432,3263,789
705970349788291072,3302,955
705898680587526145,2501,598
705786532653883392,2053,564
705591895322394625,3339,1233
705475953783398401,3114,991
705442520700944385,4689,1761
705428427625635840,4029,1814
705239209544720384,3158,807
705223444686888960,2719,865
705102439679201280,2266,548
705066031337840642,2290,648
704871453724954624,4493,1193
704859558691414016,2375,585
704847917308362754,5385,1642
704819833553219584,2774,1071
704761120771465216,6990,3107
704499785726889984,3097,1073
704491224099647488,809,89
704480331685040129,3581,1134
704364645503647744,8458,3813
704347321748819968,1675,376
704134088924532736,1593,501
704113298707505153,1959,605
704054845121142784,3072,983
703774238772166656,1944,500
703769065844768768,3471,1217
703631701117943808,2734,742
703611486317502464,4061,1626
703425003149250560,4003,1481
703407252292673536,2587,747
703382836347330562,3692,1222
703356393781329922,2021,416
703268521220972544,2073,586
703079050210877440,7781,3323
703041949650034688,27801,13451
702932127499816960,2734,774
702899151802126337,1698,483
702684942141153280,3391,1159
702671118226825216,2311,602
702598099714314240,10902,3507
702539513671897089,3029,1026
702332542343577600,3364,1667
702321140488925184,3457,1105
702276748847800320,2610,818
702217446468493312,5071,1437
701981390485725185,3630,1063
701952816642965504,4014,1096
701889187134500865,3754,1473
701805642395348998,3620,1822
701601587219795968,2201,490
701570477911896070,2972,1003
701545186879471618,2805,659
701214700881756160,12880,5486
700890391244103680,2338,617
700864154249383937,2733,658
700847567345688576,2561,537
700796979434098688,2569,1032
700747788515020802,24068,10048
700518061187723268,2784,857
700505138482569216,2403,613
700462010979500032,4366,1932
700167517596164096,2797,800
700151421916807169,2362,709
700143752053182464,7944,2951
700062718104104960,2791,745
700029284593901568,2182,627
700002074055016451,3490,1445
699801817392291840,3221,1030
699788877217865730,2367,531
699779630832685056,2925,1331
699775878809702401,2067,651
699691744225525762,10814,4926
699446877801091073,6255,2804
699434518667751424,2285,545
699423671849451520,1446,354
699413908797464576,2180,664
699370870310113280,1985,472
699323444782047232,3327,925
699088579889332224,2356,675
699079609774645248,2583,705
699072405256409088,3165,1271
699060279947165696,3988,1937
699036661657767936,2751,1282
698989035503689728,3563,1059
698953797952008193,2853,970
698907974262222848,2677,665
698710712454139905,2604,732
698703483621523456,1530,406
698635131305795584,1354,365
698549713696649216,2447,662
698355670425473025,1975,485
698342080612007937,2385,1015
698262614669991936,5008,2154
698195409219559425,17675,6395
698178924120031232,2951,791
697995514407682048,1611,359
697990423684476929,3469,1387
697943111201378304,2536,741
697881462549430272,3179,1274
697630435728322560,1846,576
697616773278015490,3337,1084
697596423848730625,3203,1352
697575480820686848,2152,540
697516214579523584,2189,1216
697482927769255936,2555,722
697463031882764288,3597,1476
697270446429966336,4928,1993
697259378236399616,3465,1068
697255105972801536,3181,1243
697242256848379904,2653,714
696900204696625153,3366,1100
696894894812565505,2471,727
696886256886657024,5101,1923
696877980375769088,2572,761
696754882863349760,1553,383
696744641916489729,2178,1008
696713835009417216,2504,692
696518437233913856,4100,1817
696490539101908992,1288,156
696488710901260288,2681,1108
696405997980676096,3391,1218
696100768806522880,2043,713
695816827381944320,3167,1249
695794761660297217,3363,842
695767669421768709,1976,798
695629776980148225,4816,2249
695446424020918272,4600,1942
695409464418041856,9099,3826
695314793360662529,3842,1581
695095422348574720,2790,659
695074328191332352,3000,1185
695064344191721472,1695,643
695051054296211456,2812,844
694925794720792577,2837,980
694905863685980160,2906,1003
694669722378485760,37666,15514
694356675654983680,1590,312
694352839993344000,2147,667
694342028726001664,1661,524
694329668942569472,2116,537
694206574471057408,4413,2174
694183373896572928,3101,997
694001791655137281,3579,1110
693993230313091072,1971,434
693942351086120961,1824,397
693647888581312512,2846,637
693644216740769793,1419,137
693642232151285760,2676,447
693629975228977152,2585,856
693622659251335168,1628,398
693590843962331137,5339,2117
693582294167244802,1732,273
693486665285931008,1876,675
693280720173801472,3546,1329
693267061318012928,2523,879
693262851218264065,2355,538
693231807727280129,3023,787
693155686491000832,8322,3433
693109034023534592,1810,659
693095443459342336,1980,498
692919143163629568,2824,800
692905862751522816,2570,943
692901601640583168,1884,652
692894228850999298,2407,867
692828166163931137,3036,945
692752401762250755,7199,3895
692568918515392513,4585,1653
692535307825213440,3371,1455
692530551048294401,1945,450
692423280028966913,1560,245
692417313023332352,9850,3723
692187005137076224,2662,877
692158366030913536,2274,851
692142790915014657,1732,423
692041934689402880,3588,1367
692017291282812928,3022,1021
691820333922455552,4168,1775
691793053716221953,8545,4504
691756958957883396,3050,1100
691675652215414786,2053,546
691483041324204033,2506,607
691459709405118465,4284,1238
691444869282295808,2794,911
691416866452082688,20399,8204
691321916024623104,2715,708
691096613310316544,3126,957
691090071332753408,1803,359
690989312272396288,6239,3084
690959652130045952,3781,1350
690938899477221376,4366,2144
690932576555528194,3470,1099
690735892932222976,3995,1376
690728923253055490,2292,555
690690673629138944,2454,856
690649993829576704,1382,302
690607260360429569,306,17
690597161306841088,2077,647
690400367696297985,1977,489
690374419777196032,3440,926
690360449368465409,2792,955
690348396616552449,1588,551
690248561355657216,1775,439
690021994562220032,2953,1110
690015576308211712,2653,793
690005060500217858,3867,1810
689999384604450816,1508,400
689993469801164801,1550,490
689977555533848577,1443,481
689905486972461056,2569,745
689877686181715968,3188,1271
689835978131935233,2287,811
689661964914655233,3379,1000
689659372465688576,10941,4173
689623661272240129,2357,693
689599056876867584,12264,5938
689557536375177216,2161,495
689517482558820352,3582,1534
689289219123089408,2379,1002
689283819090870273,3474,1192
689280876073582592,2109,772
689275259254616065,1221,264
689255633275777024,2702,1162
689154315265683456,3231,1077
689143371370250240,2135,552
688916208532455424,2883,935
688908934925697024,2233,829
688898160958271489,2221,847
688894073864884227,2358,744
688828561667567616,1460,398
688804835492233216,1014,209
688789766343622656,2341,716
688547210804498433,2752,758
688519176466644993,2443,788
688385280030670848,9805,4789
688211956440801280,2343,898
688179443353796608,2235,631
688116655151435777,2982,843
688064179421470721,1822,386
687841446767013888,5772,2713
687826841265172480,2883,1212
687818504314159109,2641,1017
687807801670897665,2525,755
687732144991551489,1862,702
687704180304273409,2578,900
687664829264453632,2048,551
687494652870668288,2022,617
687480748861947905,1689,263
687476254459715584,2082,572
687460506001633280,2163,586
687399393394311168,1999,677
687317306314240000,21216,9834
687312378585812992,4596,2040
687127927494963200,5765,2462
687124485711986689,2287,543
687109925361856513,6129,2648
687102708889812993,2476,1065
687096057537363968,2363,652
686947101016735744,9081,3419
686760001961103360,3711,1480
686749460672679938,3664,1567
686730991906516992,4386,1287
686683045143953408,2968,861
686618349602762752,3885,1461
686606069955735556,2002,583
686394059078897668,1844,730
686386521809772549,3437,946
686377065986265092,2346,601
686358356425093120,2322,733
686286779679375361,4223,1792
686050296934563840,2328,785
686035780142297088,1219,130
686034024800862208,3296,1254
686007916130873345,2614,450
686003207160610816,1925,679
685973236358713344,2228,565
685943807276412928,1719,648
685906723014619143,7947,3133
685681090388975616,2143,137
685667379192414208,2472,619
685663452032069632,3433,1573
685641971164143616,3097,837
685547936038666240,34792,16865
685532292383666176,3213,1236
685325112850124800,10005,4297
685321586178670592,2797,689
685315239903100929,3536,1161
685307451701334016,2181,475
685268753634967552,3275,1298
685198997565345792,2467,716
685169283572338688,4328,1531
684969860808454144,2491,411
684959798585110529,7202,3375
684940049151070208,3395,1124
684926975086034944,3693,504
684914660081053696,3696,1567
684902183876321280,1986,569
684880619965411328,2215,882
684830982659280897,37000,23247
684800227459624960,2860,1074
684594889858887680,9425,3804
684588130326986752,4347,1511
684567543613382656,3176,1327
684538444857667585,2801,1029
684481074559381504,4085,1256
684460069371654144,2088,596
684241637099323392,8607,3558
684225744407494656,1307,229
684222868335505415,4059,1483
684200372118904832,2286,1112
684195085588783105,2026,560
684188786104872960,3674,1260
684177701129875456,2128,725
684147889187209216,3144,1611
684122891630342144,2103,511
684097758874210310,4343,1547
683857920510050305,4019,1201
683852578183077888,2034,378
683849932751646720,2774,1056
683834909291606017,2768,1194
683828599284170753,2951,1139
683773439333797890,3533,1460
683742671509258241,6870,3576
683515932363329536,7776,3134
683498322573824003,3349,1034
683481228088049664,2779,1069
683462770029932544,2567,720
683449695444799489,4115,1731
683391852557561860,8036,2574
683357973142474752,3091,1011
683142553609318400,3041,1118
683111407806746624,3588,983
683098815881154561,2286,709
683078886620553216,2091,603
683030066213818368,2275,789
682962037429899265,39021,17972
682808988178739200,1867,193
682788441537560576,2611,1202
682750546109968385,1607,469
682697186228989953,1388,387
682662431982772225,3210,1164
682638830361513985,2168,647
682429480204398592,3623,1251
682406705142087680,8008,1902
682393905736888321,2362,737
682389078323662849,1763,503
682303737705140231,3252,1073
682259524040966145,4399,1309
682242692827447297,3431,1275
682088079302213632,19309,10658
682059653698686977,5241,1825
682047327939461121,3391,1039
682032003584274432,6947,2164
682003177596559360,3321,1646
681981167097122816,2933,1109
681891461017812993,2602,890
681694085539872773,13469,4356
681679526984871937,1854,482
681654059175129088,2788,998
681610798867845120,2012,511
681579835668455424,3735,1406
681523177663676416,15097,6260
681340665377193984,1732,300
681339448655802368,9780,4373
681320187870711809,2797,815
681302363064414209,4160,1973
681297372102656000,3368,1029
681281657291280384,3389,1184
681261549936340994,1533,296
681242418453299201,1580,583
681231109724700672,2524,521
681193455364796417,3913,1608
680970795137544192,2563,717
680959110691590145,4799,2146
680940246314430465,3394,1138
680934982542561280,2190,474
680913438424612864,2521,666
680889648562991104,1859,394
680836378243002368,3645,1429
680805554198020098,2281,713
680801747103793152,2497,893
680798457301471234,3013,1122
680609293079592961,2780,769
680583894916304897,3820,1447
680497766108381184,4463,2058
680494726643068929,1800,519
680473011644985345,2681,803
680440374763077632,1531,544
680221482581123072,1530,309
680206703334408192,2984,1262
680191257256136705,2259,542
680176173301628928,4111,1689
680161097740095489,2439,789
680145970311643136,3807,1872
680130881361686529,2413,1021
680115823365742593,2860,974
680100725817409536,3758,1470
680085611152338944,13469,9576
680070545539371008,2709,940
680055455951884288,17582,7645
679877062409191424,2070,691
679872969355714560,2294,713
679862121895714818,2586,670
679854723806179328,3018,1326
679844490799091713,2497,825
679828447187857408,38150,15092
679777920601223168,3247,1200
679736210798047232,2200,857
679729593985699840,2278,883
679722016581222400,1740,504
679530280114372609,5009,2229
679527802031484928,2784,776
679511351870550016,3547,1370
679503373272485890,3315,1592
679475951516934144,2205,686
679462823135686656,33382,20240
679405845277462528,2496,1289
679158373988876288,22579,8706
679148763231985668,2911,1105
679132435750195208,3113,1240
679111216690831360,6248,2737
679062614270468097,17927,8806
679047485189439488,2361,732
679001094530465792,2962,1322
678991772295516161,2436,1259
678969228704284672,1721,497
678800283649069056,2699,964
678798276842360832,3653,1273
678774928607469569,2934,990
678767140346941444,3706,1466
678764513869611008,1713,510
678755239630127104,7491,3541
678740035362037760,3938,1824
678708137298427904,5833,2605
678675843183484930,3012,1586
678643457146150913,2148,457
678446151570427904,4191,1680
678424312106393600,5668,2720
678410210315247616,4440,1954
678399652199309312,82483,33965
678396796259975168,1664,449
678389028614488064,1955,451
678380236862578688,2555,969
678341075375947776,1808,574
678334497360859136,1362,280
678278586130948096,12007,6496
678255464182861824,1657,398
678023323247357953,2015,412
678021115718029313,14402,6803
677961670166224897,3575,1799
677918531514703872,1411,436
677895101218201600,5049,2252
677716515794329600,3182,1033
677700003327029250,3550,1539
677698403548192770,1281,339
677687604918272002,2588,899
677673981332312066,3495,1602
677662372920729601,2036,1042
677644091929329666,1960,848
677573743309385728,2238,772
677565715327688705,1352,484
677557565589463040,2545,1242
677547928504967168,7232,3877
677530072887205888,1121,242
677335745548390400,3181,1912
677334615166730240,1419,314
677331501395156992,1140,253
677328882937298944,3792,1593
677314812125323265,1719,571
677301033169788928,1298,436
677269281705472000,2084,751
677228873407442944,3698,1742
677187300187611136,2851,985
676975532580409345,2897,1138
676957860086095872,2307,859
676949632774234114,1359,422
676948236477857792,2270,927
676946864479084545,1779,403
676942428000112642,2162,808
676936541936185344,13239,5225
676916996760600576,3089,1915
676897532954456065,2352,768
676864501615042560,2200,757
676821958043033607,24040,16611
676819651066732545,1877,705
676811746707918848,1475,450
676776431406465024,5204,2134
676617503762681856,3021,1047
676613908052996102,1140,207
676606785097199616,1963,466
676603393314578432,1222,413
676593408224403456,4765,2291
676590572941893632,953,134
676588346097852417,2437,847
676582956622721024,1258,298
676575501977128964,2701,1192
676533798876651520,1959,594
676496375194980353,1582,567
676470639084101634,12084,4955
676440007570247681,1792,706
676430933382295552,1457,364
676263575653122048,2162,581
676237365392908289,1274,312
676219687039057920,77867,32881
676215927814406144,1808,622
676191832485810177,2369,1089
676146341966438401,1995,707
676121918416756736,2226,1230
676101918813499392,2922,1227
676098748976615425,3130,1527
676089483918516224,1372,454
675898130735476737,1701,605
675891555769696257,2219,925
675888385639251968,2469,1018
675878199931371520,4340,1478
675870721063669760,1706,604
675853064436391936,2783,1373
675849018447167488,978,161
675845657354215424,2372,943
675822767435051008,1583,566
675820929667219457,1091,244
675798442703122432,10629,3579
675781562965868544,1684,502
675740360753160193,1211,366
675710890956750848,1959,874
675707330206547968,2060,735
675706639471788032,670,103
675534494439489536,1881,440
675531475945709568,1224,408
675522403582218240,1079,302
675517828909424640,1354,483
675501075957489664,17736,6135
675497103322386432,3252,1369
675489971617296384,1349,629
675483430902214656,1914,1025
675432746517426176,1580,597
675372240448454658,1758,533
675362609739206656,1080,240
675354435921575936,33931,18104
675349384339542016,4055,2378
675334060156301312,2875,1362
675166823650848770,3736,1704
675153376133427200,6499,2744
675149409102012420,3866,1773
675147105808306176,977,253
675146535592706048,1235,328
675145476954566656,2210,951
675135153782571009,1341,519
675113801096802304,2016,822
675111688094527488,996,266
675109292475830276,2886,1192
675047298674663426,1098,343
675015141583413248,2804,1263
675006312288268288,1011,237
675003128568291329,1599,499
674999807681908736,2323,1155
674805413498527744,886,370
674800520222154752,3102,903
674793399141146624,2584,1146
674790488185167872,1141,266
674788554665512960,837,219
674781762103414784,2068,1268
674774481756377088,1168,499
674767892831932416,1888,836
674764817387900928,809,249
674754018082705410,1403,469
674752233200820224,1505,487
674743008475090944,1446,582
674742531037511680,503,54
674739953134403584,1146,416
674737130913071104,665,96
674690135443775488,1184,489
674670581682434048,1665,688
674664755118911488,950,266
674646392044941312,1485,526
674644256330530816,1063,283
674638615994089473,1733,608
674632714662858753,1546,604
674606911342424069,964,103
674468880899788800,6411,2160
674447403907457024,1091,373
674436901579923456,1146,414
674422304705744896,1474,558
674416750885273600,704,147
674410619106390016,1231,485
674394782723014656,1543,600
674372068062928900,870,324
674330906434379776,575,76
674318007229923329,1454,538
674307341513269249,11651,7271
674291837063053312,15174,6168
674271431610523648,1613,763
674269164442398721,922,238
674265582246694913,1683,887
674262580978937856,1340,478
674255168825880576,1512,584
674082852460433408,775,179
674075285688614912,1005,301
674063288070742018,6541,2328
674053186244734976,3416,1362
674051556661161984,1485,504
674045139690631169,1462,668
674042553264685056,741,134
674038233588723717,1127,429
674036086168010753,867,226
674024893172875264,1831,1286
674019345211760640,1168,312
674014384960745472,1606,675
674008982932058114,1233,368
673956914389192708,2001,1006
673919437611909120,1200,383
673906403526995968,3277,1689
673887867907739649,957,262
673716320723169284,3148,794
673715861853720576,3632,2181
673711475735838725,1063,309
673709992831262724,872,284
673708611235921920,1103,300
673707060090052608,1127,405
673705679337693185,1289,413
673700254269775872,1477,595
673697980713705472,3907,2044
673689733134946305,1781,677
673688752737402881,1296,518
673686845050527744,1482,455
673680198160809984,1408,485
673662677122719744,1279,375
673656262056419329,735,253
673636718965334016,1142,379
673612854080196609,1624,750
673583129559498752,1222,383
673580926094458881,853,276
673576835670777856,1421,584
673363615379013632,1046,319
673359818736984064,1485,697
673355879178194945,1528,606
673352124999274496,1688,560
673350198937153538,758,222
673345638550134785,2586,1330
673343217010679808,997,280
673342308415348736,1302,611
673320132811366400,13793,8275
673317986296586240,887,271
673295268553605120,7696,3291
673270968295534593,1090,384
673240798075449344,1452,760
673213039743795200,2305,881
673148804208660480,1734,655
672997845381865473,2009,749
672995267319328768,976,309
672988786805112832,1002,303
672984142909456390,1278,563
672980819271634944,1850,1037
672975131468300288,1724,950
672970152493887488,972,369
672968025906282496,1340,568
672964561327235073,1455,663
672902681409806336,1393,525
672898206762672129,912,436
672884426393653248,1586,856
672877615439593473,1054,381
672834301050937345,1342,591
672828477930868736,1275,508
672640509974827008,994,334
672622327801233409,1322,514
672614745925664768,1247,606
672609152938721280,1141,401
672604026190569472,1139,418
672594978741354496,1356,625
672591762242805761,972,345
672591271085670400,746,193
672538107540070400,1051,382
672523490734551040,657,178
672488522314567680,1139,452
672482722825261057,1161,628
672481316919734272,730,128
672475084225949696,1465,725
672466075045466113,1382,559
672272411274932228,6599,3510
672267570918129665,1534,635
672264251789176834,1172,352
672256522047614977,2875,1610
672254177670729728,1463,765
672248013293752320,1761,631
672245253877968896,701,162
672239279297454080,915,330
672231046314901505,1878,1049
672222792075620352,804,218
672205392827572224,2310,1196
672169685991993344,1044,382
672160042234327040,884,371
672139350159835138,1786,742
672125275208069120,2461,1183
672095186491711488,1019,379
672082170312290304,960,377
672068090318987265,1324,532
671896809300709376,8639,4302
671891728106971137,1359,585
671882082306625538,3545,1420
671879137494245376,1449,712
671874878652489728,1275,577
671866342182637568,1150,517
671855973984772097,927,468
671789708968640512,7211,3606
671768281401958400,1220,543
671763349865160704,1715,956
671744970634719232,1375,797
671743150407421952,757,238
671735591348891648,1477,781
671729906628341761,8687,4509
671561002136281088,13114,7471
671550332464455680,936,214
671547767500775424,1379,614
671544874165002241,2029,1084
671542985629241344,1112,587
671538301157904385,942,411
671536543010570240,1203,422
671533943490011136,1040,599
671528761649688577,855,265
671520732782923777,1424,542
671518598289059840,971,302
671511350426865664,1643,749
671504605491109889,7190,3657
671497587707535361,937,461
671488513339211776,1033,486
671486386088865792,595,212
671485057807351808,779,239
671390180817915904,1447,759
671362598324076544,1135,301
671357843010908160,408,151
671355857343524864,489,117
671347597085433856,984,442
671186162933985280,753,219
671182547775299584,1151,356
671166507850801152,891,365
671163268581498880,1693,1143
671159727754231808,384,84
671154572044468225,739,226
671151324042559489,688,159
671147085991960577,689,235
671141549288370177,1194,675
671138694582165504,952,418
671134062904504320,768,199
671122204919246848,3573,2607
671115716440031232,1388,799
671109016219725825,1171,455
670995969505435648,1130,301
670842764863651840,25085,9038
670840546554966016,608,201
670838202509447168,1138,721
670833812859932673,462,128
670832455012716544,750,226
670826280409919488,5671,4199
670823764196741120,796,198
670822709593571328,627,99
670815497391357952,3245,1594
670811965569282048,1156,277
670807719151067136,1177,504
670804601705242624,2011,987
670803562457407488,348,89
670797304698376195,750,244
670792680469889025,852,287
670789397210615808,677,248
670786190031921152,613,207
670783437142401025,833,408
670782429121134593,1604,799
670780561024270336,798,297
670778058496974848,336,74
670764103623966721,1097,437
670755717859713024,453,116
670733412878163972,987,528
670727704916926465,845,373
670717338665226240,1239,512
670704688707301377,780,383
670691627984359425,601,252
670679630144274432,764,295
670676092097810432,258,45
670668383499735048,10963,5220
670474236058800128,1567,789
670468609693655041,358,87
670465786746662913,989,573
670452855871037440,560,215
670449342516494336,1219,695
670444955656130560,6860,2047
670442337873600512,658,204
670435821946826752,1074,536
670434127938719744,1436,668
670433248821026816,334,117
670428280563085312,1413,654
670427002554466305,529,170
670421925039075328,1338,659
670420569653809152,639,327
670417414769758208,581,332
670411370698022913,2074,933
670408998013820928,569,233
670403879788544000,443,163
670385711116361728,576,220
670374371102445568,759,277
670361874861563904,337,69
670338931251150849,436,114
670319130621435904,3940,1270
670303360680108032,435,139
670290420111441920,722,298
670093938074779648,1053,349
670086499208155136,714,262
670079681849372674,2268,1286
670073503555706880,1605,817
670069087419133954,646,252
670061506722140161,784,353
670055038660800512,684,342
670046952931721218,659,181
670040295598354432,768,115
670037189829525505,600,288
670003130994700288,341,96
669993076832759809,332,87
669972011175813120,455,168
669970042633789440,307,63
669942763794931712,521,173
669926384437997569,385,108
669923323644657664,242,59
669753178989142016,832,417
669749430875258880,278,67
669684865554620416,533,91
669683899023405056,397,114
669682095984410625,361,137
669680153564442624,682,299
669661792646373376,821,455
669625907762618368,3608,1870
669603084620980224,963,377
669597912108789760,522,156
669583744538451968,1519,960
669573570759163904,446,147
669571471778410496,1616,1050
669567591774625800,240,59
669564461267722241,395,128
669393256313184256,375,79
669375718304980992,1367,754
669371483794317312,507,187
669367896104181761,473,164
669363888236994561,640,237
669359674819481600,376,127
669354382627049472,2771,1310
669353438988365824,657,266
669351434509529089,449,194
669328503091937280,1031,431
669327207240699904,585,120
669324657376567296,505,214
669216679721873412,1210,414
669214165781868544,449,177
669203728096960512,1025,495
669037058363662336,676,323
669015743032369152,755,384
669006782128353280,590,260
669000397445533696,21306,6582
668994913074286592,452,241
668992363537309700,758,358
668989615043424256,695,338
668988183816871936,917,488
668986018524233728,565,173
668981893510119424,550,317
668979806671884288,811,357
668975677807423489,1329,602
668967877119254528,149,25
668960084974809088,723,246
668955713004314625,285,74
668932921458302977,272,59
668902994700836864,324,104
668892474547511297,406,155
668872652652679168,542,308
668852170888998912,462,171
668826086256599040,445,142
668815180734689280,583,280
668779399630725120,716,382
668655139528511488,542,225
668645506898350081,916,557
668643542311546881,900,546
668641109086707712,1095,556
668636665813057536,1065,503
668633411083464705,2881,1704
668631377374486528,736,326
668627278264475648,326,118
668625577880875008,397,138
668623201287675904,1473,803
668620235289837568,207,44
668614819948453888,622,322
668587383441514497,1700,1112
668567822092664832,251,57
668544745690562560,533,236
668542336805281792,473,223
668537837512433665,257,78
668528771708952576,473,232
668507509523615744,333,111
668496999348633600,421,135
668484198282485761,435,242
668480044826800133,471,153
668466899341221888,901,529
668297328638447616,632,307
668291999406125056,250,32
668286279830867968,516,142
668274247790391296,842,236
668268907921326080,562,243
668256321989451776,1333,636
668248472370458624,1013,502
668237644992782336,6335,2933
668226093875376128,303,106
668221241640230912,518,203
668204964695683073,562,200
668190681446379520,664,200
668171859951755264,503,201
668154635664932864,506,325
668142349051129856,576,295
668113020489474048,678,252
667937095915278337,1292,816
667924896115245057,307,114
667915453470232577,214,58
667911425562669056,498,311
667902449697558528,862,385
667886921285246976,1920,1119
667885044254572545,834,502
667878741721415682,399,122
667873844930215936,640,417
667866724293877760,3053,1058
667861340749471744,244,79
667832474953625600,292,63
667806454573760512,1070,512
667801013445750784,335,97
667793409583771648,711,336
667782464991965184,419,249
667773195014021121,239,58
667766675769573376,449,222
667728196545200128,379,152
667724302356258817,492,326
667550904950915073,0,35
667550882905632768,0,33
667549055577362432,5879,2334
667546741521195010,338,127
667544320556335104,879,535
667538891197542400,209,67
667534815156183040,829,551
667530908589760512,478,245
667524857454854144,1724,1134
667517642048163840,373,196
667509364010450944,6866,2174
667502640335572993,538,224
667495797102141441,529,279
667491009379606528,539,232
667470559035432960,259,100
667455448082227200,194,60
667453023279554560,318,91
667443425659232256,792,591
667437278097252352,453,242
667435689202614272,308,84
667405339315146752,473,221
667393430834667520,197,58
667369227918143488,370,167
667211855547486208,498,245
667200525029539841,621,265
667192066997374976,389,109
667188689915760640,753,423
667182792070062081,14460,6308
667177989038297088,192,55
667176164155375616,613,468
667174963120574464,247,84
667171260800061440,223,91
667165590075940865,2716,1161
667160273090932737,260,62
667152164079423490,48243,17401
667138269671505920,4656,2249
667119796878725120,331,128
667090893657276420,336,129
667073648344346624,408,124
667070482143944705,84,14
667065535570550784,167,48
667062181243039745,219,55
667044094246576128,185,51
667012601033924608,451,226
666996132027977728,247,96
666983947667116034,2566,994
666837028449972224,826,559
666835007768551424,217,80
666826780179869698,255,97
666817836334096384,521,254
666804364988780544,242,94
666786068205871104,763,488
666781792255496192,389,199
666776908487630848,351,175
666739327293083650,237,66
666701168228331520,432,219
666691418707132416,188,47
666649482315059201,1118,628
666644823164719104,232,83
666454714377183233,519,208
666447344410484738,104,20
666437273139982337,124,48
666435652385423360,165,53
666430724426358785,316,197
666428276349472768,165,83
666421158376562688,315,111
666418789513326592,123,45
666411507551481857,440,323
666407126856765440,106,40
666396247373291520,167,84
666373753744588802,186,92
666362758909284353,769,564
666353288456101888,218,71
666345417576210432,291,133
666337882303524864,197,90
666293911632134144,494,352
666287406224695296,146,64
666273097616637952,174,76
666268910803644416,102,35
666104133288665088,14170,6488
666102155909144576,80,12
666099513787052032,153,67
666094000022159362,163,72
666082916733198337,116,44
666073100786774016,319,162
666071193221509120,144,59
666063827256086533,471,215
666058600524156928,111,57
666057090499244032,294,141
666055525042405380,431,245
666051853826850816,1207,841
666050758794694657,131,59
666049248165822465,107,40
666044226329800704,295,139
666033412701032449,125,44
666029285002620928,128,47
666020888022790149,2544,508
